        0.0120015357942             0.2038963601165
       -0.0111356465818             0.1567363133019
        0.0275712995448             0.2402146043517
        0.0660194601395             0.2713695308345
        0.1634357448771             0.2815957482959
        0.0405798096460             0.1938870750199
       -0.1105790380416             0.0540592148220
       -0.0102493532632             0.1749548694684
        0.0405952143982             0.2495371206029
        0.3077104931988             0.3047685733741
